1778.0   278.55 
1779.0   278.61 
1780.0   278.68 
1781.0   278.76 
1782.0   278.83 
1783.0   278.91 
1784.0   279.00 
1785.0   279.08 
1786.0   279.17 
1787.0   279.26 
1788.0   279.36 
1789.0   279.46 
1790.0   279.56 
1791.0   279.67 
1792.0   279.78 
1793.0   279.89
1794.0   280.01 
1795.0   280.13 
1796.0   280.25 
1797.0   280.38 
1798.0   280.51 
1799.0   280.64 
1800.0   280.78 
1801.0   280.91 
1802.0   281.05 
1803.0   281.19 
1804.0   281.34 
1805.0   281.48 
1806.0   281.62 
1807.0   281.76 
1808.0   281.91 
1809.0   282.05 
1810.0   282.19 
1811.0   282.32 
1812.0   282.46 
1813.0   282.59 
1814.0   282.72 
1815.0   282.84 
1816.0   282.96 
1817.0   283.08 
1818.0   283.19 
1819.0   283.30 
1820.0   283.40 
1821.0   283.50 
1822.0   283.60 
1823.0   283.70 
1824.0   283.79 
1825.0   283.88 
1826.0   283.97 
1827.0   284.07 
1828.0   284.16 
1829.0   284.25 
1830.0   284.34 
1831.0   284.44 
1832.0   284.53 
1833.0   284.63 
1834.0   284.74 
1835.0   284.84 
1836.0   284.96 
1837.0   285.07 
1838.0   285.19 
1839.0   285.32 
1840.0   285.45 
1841.0   285.59 
1842.0   285.74 
1843.0   285.88 
1844.0   286.03 
1845.0   286.17 
1846.0   286.31 
1847.0   286.45 
1848.0   286.58 
1849.0   286.72 
1850.0   286.85 
1851.0   286.97 
1852.0   287.09 
1853.0   287.21 
1854.0   287.33 
1855.0   287.44 
1856.0   287.55 
1857.0   287.66 
1858.0   287.76 
1859.0   287.87 
1860.0   287.97 
1861.0   288.08 
1862.0   288.18 
1863.0   288.29 
1864.0   288.41 
1865.0   288.52 
1866.0   288.65 
1867.0   288.77 
1868.0   288.91 
1869.0   289.04 
1870.0   289.19 
1871.0   289.34 
1872.0   289.50 
1873.0   289.66 
1874.0   289.83 
1875.0   290.01 
1876.0   290.20 
1877.0   290.39 
1878.0   290.59 
1879.0   290.80 
1880.0   291.02 
1881.0   291.24 
1882.0   291.47 
1883.0   291.70 
1884.0   291.94 
1885.0   292.19 
1886.0   292.44 
1887.0   292.69 
1888.0   292.94 
1889.0   293.20 
1890.0   293.46 
1891.0   293.71 
1892.0   293.97 
1893.0   294.22 
1894.0   294.48 
1895.0   294.72 
1896.0   294.96 
1897.0   295.20 
1898.0   295.44 
1899.0   295.68 
1900.0   295.92 
1901.0   296.16 
1902.0   296.41 
1903.0   296.66 
1904.0   296.93 
1905.0   297.20 
1906.0   297.48 
1907.0   297.76 
1908.0   298.06 
1909.0   298.35 
1910.0   298.65 
1911.0   298.96 
1912.0   299.26 
1913.0   299.57 
1914.0   299.88 
1915.0   300.20 
1916.0   300.51 
1917.0   300.82 
1918.0   301.14 
1919.0   301.45 
1920.0   301.77 
1921.0   302.08 
1922.0   302.39 
1923.0   302.71 
1924.0   303.02 
1925.0   303.33 
1926.0   303.63 
1927.0   303.93 
1928.0   304.22 
1929.0   304.51 
1930.0   304.79 
1931.0   305.07 
1932.0   305.34 
1933.0   305.61 
1934.0   305.88 
1935.0   306.15 
1936.0   306.41 
1937.0   306.68 
1938.0   306.95 
1939.0   307.23 
1940.0   307.51 
1941.0   307.79 
1942.0   308.09 
1943.0   308.40 
1944.0   308.72 
1945.0   309.05 
1946.0   309.40 
1947.0   309.77 
1948.0   310.15 
1949.0   310.54 
1950.0   310.96 
1951.0   311.39 
1952.0   311.84 
1953.0   312.31 
1954.0   312.81 
1955.0   313.33 
1956.0   313.87 
1957.0   314.44 
1958.0   315.03 
1959.0   315.66 
1960.0   316.31 
1961.0   316.98 
1962.0   317.67 
1963.0   318.38 
1964.0   319.11 
1965.0   319.87 
1966.0   320.69 
1967.0   321.57 
1968.0   322.52 
1969.0   323.52 
1970.0   324.59 
1971.0   325.72 
1972.0   326.88 
1973.0   328.09 
1974.0   329.31 
1975.0   330.55 
1976.0   331.83 
1977.0   333.16 
1978.0   334.54 
1979.0   335.96 
1980.0   337.42 
1981.0   338.88 
1982.0   340.37 
1983.0   341.88 
1984.0   343.42 
1985.0   344.99 
1986.0   346.60 
1987.0   348.25 
1988.0   349.93 
1989.0   351.62 
1990.0   353.32 
1991.0   355.06 
1992.0   355.99 
1993.0   356.62 
1994.0   357.84 
1995.0   359.88 
1996.0   361.82 
1997.0   363.15 
1998.0   365.02 
1999.0   367.76 
2000.0   368.75 
2001.0   370.29 
2002.0   371.92 
2003.0   374.41 
2004.0   376.70 
2005.0   378.36 
2006.0   380.89 
2007.0   382.60 
2008.0   384.74 
2009.0   386.28
2010.0   388.72
2011.0   390.94
2012.0   393.01
2013.0   395.72
2014.0   398.60
2015.0   400.88
2016.0   404.27
2017.0   406.58